----------
Inspection 1: A: A = np.arange(1, 25).reshape(3, 2, 4)
Data: |( 1  2  3  4) ( 5  6  7  8)|  |( 9 10 11 12) (13 14 15 16)|  |(17 18 19 20) (21 22 23 24)|
Offset: 0
Strides: 8, 4, 1
----------
Inspection 2: np.flip(A, (2,))
Data: |( 4  3  2  1) ( 8  7  6  5)|  |(12 11 10  9) (16 15 14 13)|  |(20 19 18 17) (24 23 22 21)|
Offset: 3
Strides: 8, 4, -1
----------
Inspection 3: np.flip(A, (1,))
Data: |( 5  6  7  8) ( 1  2  3  4)|  |(13 14 15 16) ( 9 10 11 12)|  |(21 22 23 24) (17 18 19 20)|
Offset: 4
Strides: 8, -4, 1
----------
Inspection 4: np.flip(A, (0,))
Data: |(17 18 19 20) (21 22 23 24)|  |( 9 10 11 12) (13 14 15 16)|  |( 1  2  3  4) ( 5  6  7  8)|
Offset: 16
Strides: -8, 4, 1
----------
Inspection 5: np.flip(A, (0,1,2))
Data: |(24 23 22 21) (20 19 18 17)|  |(16 15 14 13) (12 11 10  9)|  |( 8  7  6  5) ( 4  3  2  1)|
Offset: 23
Strides: -8, -4, -1
----------
